0 267
0 549
0 637
0 879
1 104
1 338
1 526
1 537
2 22
2 216
2 261
2 497
2 749
3 556
3 701
4 221
4 244
4 329
4 421
4 577
5 408
5 424
5 794
5 840
6 11
6 299
6 777
6 848
7 176
7 195
7 416
7 487
7 508
7 580
7 654
7 925
8 438
8 709
8 795
8 821
9 386
9 481
9 606
10 136
10 525
10 530
10 843
10 854
11 913
12 39
12 231
12 357
12 470
12 645
12 684
12 710
12 951
13 79
13 189
13 426
13 437
13 517
13 691
13 705
13 722
13 836
14 381
14 400
15 51
15 844
15 988
16 111
16 125
16 223
16 916
17 106
17 279
17 385
17 467
17 582
17 698
18 475
18 948
19 47
19 57
19 409
19 462
20 498
20 914
21 550
21 699
21 775
22 865
22 903
22 992
23 76
23 198
23 475
23 519
23 891
24 531
24 669
24 923
25 32
25 115
25 359
25 417
25 496
25 833
26 32
26 152
26 210
26 271
26 435
26 551
26 631
26 655
26 711
27 43
27 57
27 257
27 429
27 587
28 330
28 347
28 476
28 565
28 789
28 822
28 823
29 127
29 542
29 752
29 819
30 213
30 896
31 399
31 541
31 928
33 541
34 249
34 422
34 530
34 828
35 88
35 132
35 624
35 758
35 784
35 818
35 893
36 438
36 488
36 491
36 728
36 924
37 152
37 308
37 541
37 567
37 709
37 915
38 356
38 375
38 446
38 944
38 967
39 121
39 258
39 449
39 517
39 538
39 563
39 578
39 719
40 143
40 796
40 989
41 70
41 827
42 110
42 139
42 291
43 347
44 74
44 219
44 893
44 952
45 152
45 240
45 671
45 939
45 950
46 96
46 340
46 375
46 414
46 619
46 839
47 217
47 421
47 497
48 88
48 244
48 499
48 534
48 625
48 697
48 989
49 530
49 580
49 745
50 181
50 336
50 861
50 924
51 111
51 127
51 870
52 136
52 295
52 359
52 490
52 547
52 738
52 753
52 834
52 943
53 252
53 515
53 672
53 864
53 869
54 78
54 751
54 788
54 904
54 962
55 111
55 230
55 658
55 716
55 972
56 79
56 217
56 830
56 978
57 125
57 313
57 334
57 365
58 92
58 354
58 687
58 697
58 784
58 829
58 859
58 881
58 941
59 464
59 769
59 817
60 245
60 480
60 504
60 574
60 579
60 664
60 692
60 864
60 939
61 126
61 189
61 218
61 341
61 611
61 842
62 129
62 714
62 754
63 170
63 567
63 602
63 622
63 809
63 948
64 204
64 312
64 799
64 824
64 870
64 995
65 490
65 982
66 236
66 919
67 75
67 148
67 353
67 381
67 511
67 592
67 682
67 738
67 957
68 244
68 318
68 345
68 760
68 920
69 389
69 453
69 655
69 663
69 759
69 843
70 285
70 345
70 411
70 449
70 599
70 665
70 935
71 72
71 658
71 673
71 699
71 780
71 835
72 300
72 398
72 666
72 717
73 242
73 318
73 399
73 805
73 808
74 105
74 246
74 352
74 487
74 539
74 730
74 952
75 270
75 290
75 449
75 465
76 377
76 560
76 778
77 730
77 964
78 861
79 126
79 172
79 264
79 311
79 716
80 296
80 552
81 275
81 320
81 463
81 482
81 649
81 915
82 146
82 147
82 264
82 302
82 337
82 582
83 97
83 407
83 498
84 246
84 354
84 393
84 485
84 576
84 779
84 918
84 979
85 254
85 261
85 435
85 440
85 761
85 828
86 141
86 290
86 498
86 736
86 940
87 730
88 294
88 327
88 477
88 609
88 723
88 913
89 373
89 577
89 611
89 882
90 407
90 639
90 851
90 951
91 308
91 800
91 872
92 133
92 164
92 206
92 345
92 701
92 767
93 339
93 755
93 863
94 95
94 124
94 527
94 838
94 969
95 134
95 631
95 964
95 982
96 340
96 709
97 251
97 339
97 398
98 488
98 609
98 632
98 840
99 130
99 241
99 268
99 715
100 344
100 901
101 227
101 257
101 345
101 422
101 589
101 593
101 680
102 405
102 469
102 774
103 484
103 605
103 695
103 719
103 732
103 876
104 119
104 285
104 685
105 314
105 479
106 578
106 647
106 785
106 982
107 183
107 224
107 266
107 369
107 399
107 855
108 289
108 920
109 125
109 243
109 265
109 670
110 287
110 749
111 183
111 300
111 402
111 416
111 480
111 482
111 867
112 113
112 145
112 398
112 830
112 835
112 924
113 273
113 280
113 327
113 404
113 596
114 602
114 817
114 900
115 132
115 198
115 404
115 534
115 538
115 650
115 949
115 961
115 994
116 154
116 161
116 342
116 423
117 141
117 198
117 610
117 642
117 807
118 212
118 330
118 334
119 217
119 279
119 517
120 468
120 529
120 552
120 622
120 754
120 940
121 133
121 135
121 342
121 393
121 636
121 708
121 830
122 327
122 485
122 500
122 692
122 920
123 156
123 168
123 435
123 499
123 531
123 918
124 185
124 468
124 471
124 645
124 911
125 323
125 331
125 343
125 641
125 764
126 135
126 176
126 254
126 389
126 653
126 668
126 755
127 214
127 327
127 363
127 413
127 417
127 637
128 227
128 535
129 357
129 489
129 530
129 593
129 834
130 138
130 289
130 410
131 608
131 904
132 609
133 764
133 785
133 795
133 867
134 410
134 520
134 647
134 788
134 877
134 985
135 219
135 247
135 531
135 627
135 642
135 748
135 995
136 231
136 691
137 238
137 418
137 796
137 806
138 171
138 550
139 257
139 293
139 325
139 463
139 590
139 842
139 898
140 302
140 515
140 730
140 885
140 893
140 962
140 969
141 164
141 197
141 391
141 610
141 657
141 708
141 793
141 925
142 146
142 327
142 388
142 441
142 478
142 621
142 766
142 899
143 203
143 630
143 952
144 334
144 351
144 376
144 429
144 689
144 716
145 218
145 325
145 344
145 359
145 388
145 880
146 435
147 168
147 199
147 280
147 460
147 575
147 760
147 845
147 935
147 982
148 187
148 214
148 671
148 719
149 470
149 903
150 193
150 267
150 452
150 622
150 696
150 712
150 853
150 881
150 895
151 831
151 969
152 272
152 324
152 540
152 678
152 753
152 997
153 777
153 897
154 307
154 468
154 805
154 907
155 330
155 385
155 477
155 519
155 529
155 645
155 686
155 689
155 854
155 900
155 901
156 451
156 508
156 624
156 780
156 985
157 236
157 326
157 447
157 646
157 697
158 345
158 346
158 399
158 533
158 947
158 955
159 194
159 950
160 179
160 548
160 711
160 721
160 825
161 719
161 885
162 442
162 865
162 936
163 279
163 813
163 940
164 749
164 917
165 368
165 385
165 432
165 532
165 675
166 436
166 776
167 273
167 563
167 640
167 884
167 943
167 948
167 955
168 527
168 683
169 689
169 716
169 792
169 912
169 995
170 863
170 965
171 375
171 406
171 844
171 968
172 573
172 638
172 796
172 874
173 199
173 470
173 836
173 842
173 869
174 289
174 331
174 502
174 511
174 794
174 967
175 283
175 364
175 557
175 595
175 873
176 320
176 491
176 552
176 749
177 261
177 583
177 659
177 707
178 503
178 584
178 744
178 957
179 261
180 387
180 432
181 222
181 660
182 280
182 281
182 469
182 514
182 928
183 736
183 817
184 418
185 188
185 211
185 411
185 496
185 663
185 678
185 880
185 937
185 961
186 725
186 740
186 956
186 972
187 425
187 501
188 222
188 261
188 446
188 720
188 758
188 897
189 232
189 749
189 784
189 850
190 238
190 459
190 605
190 848
191 215
191 480
191 546
191 622
191 651
191 852
192 221
192 528
192 855
192 870
193 780
193 971
194 505
194 551
194 906
195 411
195 625
195 772
196 202
196 565
196 699
196 894
196 910
196 954
196 997
197 333
197 563
198 315
198 653
198 760
198 896
199 314
199 320
199 489
199 637
199 661
199 808
199 850
199 870
200 444
200 683
200 733
200 777
200 887
201 251
201 391
201 446
201 639
201 706
201 934
202 286
202 540
202 573
202 709
202 762
202 823
202 859
202 872
203 311
203 864
203 922
204 811
204 840
205 256
205 312
205 715
206 353
206 523
206 590
206 656
206 743
206 796
206 835
207 418
207 639
207 938
208 298
208 331
208 855
208 922
209 473
209 687
209 729
209 898
209 979
210 287
210 500
210 614
210 670
211 364
211 377
211 771
212 316
212 810
213 726
213 790
214 592
214 751
215 316
215 527
215 689
215 787
216 252
216 297
216 525
216 536
216 594
216 617
217 231
217 330
217 443
217 763
218 449
219 867
220 299
220 388
220 883
221 780
221 838
222 423
222 514
222 687
223 309
223 687
223 748
224 323
224 552
224 588
224 768
225 678
225 747
225 839
226 228
226 356
226 506
226 553
226 599
226 735
226 741
226 887
227 332
227 347
227 444
227 674
227 997
228 452
228 553
228 806
228 884
229 402
229 701
230 367
230 485
230 842
230 950
231 619
232 470
232 571
233 325
233 511
233 621
233 646
233 910
234 390
234 679
234 800
234 924
234 998
235 427
235 846
235 885
236 364
236 587
236 634
236 678
237 254
237 297
237 361
237 807
238 253
238 660
238 842
239 297
239 507
239 888
239 989
240 347
240 611
240 870
241 354
241 586
241 719
241 732
241 772
241 847
242 293
242 675
242 942
243 274
244 302
244 363
244 475
244 567
244 851
245 418
245 552
245 755
245 869
245 892
246 296
246 702
246 729
246 733
247 256
247 261
247 576
247 772
248 251
249 447
249 600
249 897
250 300
250 628
250 795
250 811
251 417
251 603
251 712
252 258
252 347
252 383
252 439
252 458
252 478
252 624
252 933
252 936
253 358
253 398
253 440
253 587
253 843
254 493
254 547
254 556
254 848
256 367
256 756
256 836
256 959
257 380
257 399
257 532
257 704
257 751
257 760
257 816
257 865
258 293
258 472
258 710
258 847
259 436
259 482
259 632
259 644
259 691
259 740
259 956
259 990
260 341
260 518
260 554
260 573
260 693
261 436
261 481
261 960
262 325
262 489
262 604
262 663
262 683
262 740
263 386
263 538
264 350
264 428
264 535
264 555
264 580
264 599
264 779
264 814
264 857
264 905
265 470
265 806
265 893
265 964
265 976
266 568
266 667
266 774
266 777
266 780
266 893
266 899
266 923
267 751
267 780
267 881
268 298
268 340
268 422
268 430
268 572
268 676
268 706
268 731
269 299
269 471
269 643
269 719
269 734
270 755
270 852
270 981
271 496
271 629
271 667
271 730
272 347
272 741
272 837
273 705
274 359
274 934
275 425
275 707
275 994
276 484
276 756
276 867
277 424
277 584
277 600
278 357
278 365
278 654
278 661
278 771
278 932
279 588
279 676
279 987
280 334
280 573
280 611
280 933
281 376
281 491
281 632
281 655
281 824
281 983
282 486
282 511
282 697
282 889
283 290
283 537
283 541
283 718
284 292
284 491
284 504
284 528
284 871
284 942
285 369
285 405
285 589
285 636
285 891
286 305
286 413
286 445
286 843
287 335
287 805
287 973
288 370
288 755
288 756
288 870
289 612
289 613
289 655
289 682
289 866
289 887
290 697
290 957
291 320
291 439
291 694
291 924
292 357
292 761
293 300
293 554
293 711
293 726
294 367
294 574
294 966
295 624
296 323
296 499
296 819
296 992
297 510
297 745
298 300
298 440
298 530
298 699
298 814
298 908
300 524
300 797
300 858
300 962
301 303
301 536
301 735
301 811
302 459
302 593
302 899
302 932
303 478
303 891
303 958
304 569
304 848
305 339
305 981
306 403
306 664
306 718
306 783
307 465
307 802
308 470
308 846
308 967
309 352
309 673
310 417
310 499
310 706
311 812
312 384
312 494
312 508
312 624
312 667
312 706
312 893
313 397
313 616
313 885
314 370
314 607
314 688
315 714
316 768
317 360
317 460
317 597
318 587
318 592
318 735
318 939
318 955
319 420
319 594
319 606
319 966
320 505
320 762
321 423
321 464
321 837
321 861
321 881
322 492
322 550
322 565
322 793
322 822
322 992
323 458
325 550
325 575
325 729
325 805
325 918
326 417
326 431
326 970
327 334
327 352
327 707
327 718
329 345
329 584
329 661
329 835
330 425
330 544
331 516
331 797
332 512
332 555
332 702
332 901
333 360
333 490
333 544
333 666
333 784
334 981
335 631
336 489
336 714
337 416
337 731
337 762
337 978
338 401
338 652
338 822
338 848
338 949
338 975
339 402
339 531
340 485
340 896
341 403
341 570
341 646
341 813
342 623
343 876
343 973
344 823
344 911
345 749
346 380
346 831
346 864
346 919
347 795
347 999
348 418
348 573
349 384
349 421
349 461
349 659
349 813
349 828
350 545
350 621
350 738
350 867
350 954
350 996
351 386
351 570
351 827
351 937
352 439
352 822
353 703
353 837
353 912
354 794
355 582
355 659
355 795
356 391
356 596
356 656
356 783
356 941
356 959
357 445
357 740
358 586
358 903
358 951
360 392
360 429
360 590
360 811
360 834
361 397
361 703
362 388
362 470
362 643
362 683
362 692
362 752
362 789
362 813
363 471
363 725
363 740
363 815
364 686
365 483
365 517
365 541
365 566
365 567
365 770
365 816
365 870
366 533
366 670
367 525
367 593
367 973
368 509
368 558
368 757
368 788
369 626
369 791
370 543
370 610
370 801
371 562
371 734
371 781
371 993
372 574
372 606
373 474
373 499
373 604
373 833
374 803
374 921
375 599
375 624
375 689
375 880
375 954
375 996
376 686
377 477
377 485
377 512
377 517
377 588
377 629
377 924
377 930
377 950
378 922
378 964
378 966
379 428
379 721
379 883
379 971
380 624
380 767
381 717
381 867
381 894
381 968
382 389
382 608
383 405
383 494
383 751
383 975
384 493
384 667
384 886
385 475
385 609
385 714
385 858
385 885
386 435
386 579
386 605
386 622
386 874
387 472
387 483
387 510
387 516
387 806
387 899
387 904
387 973
388 516
388 999
390 448
390 592
390 747
390 867
391 577
391 707
391 888
392 575
393 421
393 800
396 474
396 531
396 549
396 613
396 634
396 709
396 796
396 813
396 826
397 632
398 612
398 634
399 534
399 757
399 927
399 952
400 718
400 737
400 808
400 927
400 982
401 509
401 694
401 826
401 980
402 551
402 844
402 901
402 937
403 746
404 550
404 837
404 960
405 444
405 450
405 637
405 709
405 914
406 981
407 454
407 500
407 657
407 719
407 793
408 508
408 568
408 595
408 804
409 482
409 488
409 889
410 524
411 547
411 723
411 746
411 871
412 580
412 712
412 771
412 813
413 648
413 711
413 759
413 821
413 932
414 736
414 794
414 867
415 664
416 676
417 649
418 524
418 671
419 630
419 635
419 866
420 849
420 903
422 707
422 946
423 547
423 848
423 933
424 519
424 743
424 841
424 948
425 709
426 867
427 498
427 591
427 931
428 666
428 838
428 899
428 973
430 472
430 481
430 575
430 585
430 600
430 873
431 469
431 708
431 754
431 847
431 922
432 480
433 817
435 562
435 631
435 793
435 824
436 511
436 635
436 712
436 729
437 694
437 842
437 888
437 964
438 799
438 812
438 913
438 992
439 532
439 827
439 998
440 456
440 626
440 936
441 553
441 672
441 823
441 950
442 980
443 493
443 757
444 513
444 593
444 659
444 974
445 923
446 559
446 569
447 574
447 915
449 785
449 894
449 966
450 611
451 517
451 647
452 583
452 840
453 641
453 703
453 835
453 949
454 700
455 780
455 875
457 542
457 657
457 839
457 881
458 539
458 670
458 681
458 758
458 850
459 777
459 863
460 482
460 601
460 888
461 483
461 696
462 591
462 681
462 938
462 989
463 626
463 634
463 900
463 986
464 504
464 836
464 911
465 960
465 992
466 747
466 774
467 485
467 624
467 694
467 841
467 978
468 732
468 992
469 580
469 646
469 915
470 547
471 562
472 647
472 688
473 524
473 538
473 830
474 662
474 771
474 972
475 596
475 988
476 572
476 711
476 869
477 845
477 972
479 494
479 802
479 922
480 537
480 653
480 667
480 771
480 891
481 544
481 689
481 693
481 809
481 932
482 540
483 536
483 644
483 832
484 636
484 757
484 889
484 973
486 574
486 591
486 607
486 626
486 963
487 536
488 581
488 639
488 951
489 513
489 619
489 911
490 522
490 598
492 638
492 648
492 825
492 839
492 922
493 540
493 619
493 704
493 716
493 872
494 635
494 679
494 811
494 905
495 802
495 840
497 847
498 508
498 578
498 697
498 890
499 516
499 561
499 820
499 899
500 531
500 679
500 682
501 572
501 953
502 786
502 855
503 813
503 870
504 557
504 582
504 665
504 685
504 688
504 792
504 886
505 675
505 988
506 756
506 840
506 865
507 555
507 587
507 842
508 529
508 963
509 695
510 969
511 770
511 806
511 967
512 592
512 651
512 788
512 846
512 918
513 548
513 582
513 828
513 856
514 634
514 781
515 725
516 564
516 758
517 614
517 874
518 785
518 794
518 965
519 645
519 718
519 809
520 742
520 913
520 978
520 996
521 707
521 708
521 903
522 608
522 706
522 708
522 970
523 569
523 602
524 841
525 585
525 968
526 551
527 574
527 817
528 845
528 973
529 812
529 921
529 978
530 620
530 644
531 860
532 638
533 829
533 960
534 538
535 552
536 989
537 802
537 857
537 916
537 976
540 628
540 680
541 691
542 577
542 839
544 655
545 696
545 739
545 840
545 954
546 585
546 831
546 839
546 949
547 587
548 582
548 584
548 709
548 955
549 826
549 868
550 954
551 601
551 624
551 699
551 891
551 893
551 898
553 714
553 960
555 857
555 894
556 810
556 936
557 599
557 854
557 867
557 969
558 675
559 658
559 837
560 642
560 939
560 990
561 786
561 860
562 637
562 708
562 735
563 647
563 968
564 639
564 663
565 640
565 788
565 869
565 911
565 948
566 634
566 792
566 848
567 629
567 678
567 740
567 949
568 915
568 918
569 819
569 979
570 819
570 882
571 933
571 959
572 719
573 814
573 827
574 679
574 727
575 827
576 685
576 702
576 769
576 936
578 951
579 717
579 740
579 796
580 674
581 593
582 721
582 812
583 627
583 849
583 856
584 607
584 643
584 688
584 729
586 980
586 981
587 637
587 870
588 592
589 660
589 782
589 979
590 661
590 782
591 749
591 964
592 768
592 859
593 766
593 890
593 916
595 745
595 794
597 602
598 600
598 823
599 750
599 950
601 627
601 641
601 696
601 861
602 990
603 873
605 682
605 782
605 919
606 682
606 820
606 972
607 696
607 748
607 977
608 708
609 658
609 835
609 852
609 946
611 683
613 666
613 809
613 884
613 942
613 957
614 783
614 823
614 870
615 834
615 923
616 673
617 654
617 727
617 939
618 647
618 709
618 799
618 842
619 646
620 940
621 673
621 987
622 646
622 765
622 900
622 918
624 784
624 803
624 880
624 896
624 922
624 955
625 835
626 926
626 938
628 984
629 672
629 773
630 835
630 925
631 637
631 811
631 830
633 785
633 874
633 909
633 912
634 751
634 935
635 655
635 838
635 908
636 760
636 868
636 905
637 786
637 810
637 848
637 935
639 833
639 873
640 779
641 802
641 824
642 850
642 890
642 935
643 731
643 737
644 722
645 749
645 930
646 767
647 686
647 756
647 779
647 813
647 915
647 926
648 755
649 674
649 802
650 871
651 816
651 955
651 967
652 757
652 861
653 757
654 669
654 792
654 937
654 964
655 965
656 759
656 912
656 972
657 692
657 815
657 911
658 663
658 927
659 956
659 992
660 827
660 939
660 985
661 843
662 685
662 714
663 710
665 808
667 886
667 955
668 751
669 803
669 805
670 800
670 885
670 941
671 691
671 735
671 794
671 891
671 930
672 802
673 780
673 879
673 921
674 972
675 716
675 874
675 953
675 961
676 751
676 769
676 982
679 793
680 873
680 883
681 731
681 742
681 828
681 882
682 788
683 817
684 752
684 889
684 961
685 901
686 714
686 798
686 826
687 807
687 884
688 759
689 912
690 727
690 829
690 899
690 933
690 935
691 785
692 929
693 913
693 923
694 705
694 736
694 899
694 904
695 884
698 816
698 878
698 992
699 782
699 832
700 778
701 961
703 747
703 875
705 990
706 904
707 774
707 911
708 764
708 909
710 928
711 753
711 837
712 760
712 781
712 914
712 974
713 935
714 741
714 816
714 980
715 910
716 763
716 780
716 837
716 948
716 992
718 787
718 811
719 882
719 936
720 880
722 739
723 828
726 844
726 916
727 975
728 937
730 776
730 870
730 958
731 754
731 825
731 948
732 896
733 929
734 758
738 923
738 934
739 949
740 959
741 962
743 930
744 783
744 790
744 818
745 921
746 944
747 902
747 922
748 776
748 798
749 949
750 928
752 790
754 846
754 853
756 847
757 779
758 810
760 763
760 961
761 933
763 827
763 914
766 977
768 816
768 841
772 864
774 826
774 996
775 874
776 787
777 791
778 948
780 785
780 944
781 795
781 848
783 922
785 822
785 981
788 935
792 846
792 911
793 954
795 872
795 927
795 928
795 949
797 860
797 945
798 875
798 925
798 945
800 930
801 830
802 895
802 922
804 823
804 830
804 893
805 867
806 961
807 834
807 875
807 928
808 824
810 893
810 910
812 867
812 955
812 960
813 949
814 873
815 827
816 914
817 915
817 955
817 996
818 865
821 987
822 916
822 960
823 841
823 923
823 951
826 949
827 932
830 843
831 905
832 848
832 871
833 917
834 996
835 975
837 962
838 909
839 886
841 984
843 851
844 969
848 876
848 919
849 869
850 952
851 961
852 855
852 927
856 986
857 986
860 886
862 881
863 924
864 899
865 878
870 998
872 946
875 928
876 879
876 916
876 972
876 992
878 912
879 907
881 938
881 953
883 972
884 934
884 957
885 986
887 967
888 990
889 940
891 895
891 944
893 965
894 988
895 970
897 918
900 911
901 979
902 980
904 934
906 946
906 976
908 957
909 914
909 915
909 942
914 941
915 918
916 931
918 996
920 923
921 946
921 963
927 957
928 985
928 999
929 938
933 997
934 952
934 998
937 962
938 999
939 950
948 963
954 991
960 980
971 978
985 992
988 996